203.168
619.362
636.441
652.158
667.99
683.901
699.836
715.788
731.737
747.7
763.644
779.604
795.563
811.52
827.49
843.44
859.399
875.367
891.335
907.306
923.306
939.283
955.253
971.244
987.239
1003.24
1019.28
1035.28
1051.31
1067.37
1083.43
1099.43
1115.5
1131.59
1147.63
1163.74
1179.94
1196.04
1212.24
1228.36
1244.52
1260.68
1277.12
1293.52
1309.92
1326.12
1342.52
1358.92
1375.4
1391.68
1407.97
1424.45
1440.93
1457.34
1473.74
1490.14
1506.54
1522.94
1539.54
1555.94
1572.34
1588.94
1605.34
1621.74
1638.34
1654.74
1671.14
1687.74
1704.14
1720.74
1737.14
1753.74
1770.14
1786.74
1803.14
1819.54
1836.14
1852.54
1868.94
1885.54
1901.94
1918.54
1935.14
1951.54
1968.14
1984.74
2001.14
2017.74
2034.34
2050.74
2067.34
2083.74
2100.14
2116.74
2133.14
2149.74
2166.34
2182.74
2199.34
2215.74
2232.34
2248.94
2265.54
2281.94
2298.54
2314.94
2331.54
2348.14
2364.54
2381.14
2397.54
2414.14
2430.74
2447.14
2463.74
2480.34
2496.74
2513.34
2529.94
2546.34
2562.94
2579.54
2595.94
2612.54
2629.14
2645.74
2662.14
2678.74
2695.34
2711.74
2728.34
2744.94
2761.34
2777.94
2794.54
2811.14
2827.54
2844.14
2860.54
2877.14
2893.74
2910.14
2926.74
2943.34
2959.74
2976.34
2992.94

