223.168
638.265
655.349
671.063
686.901
702.811
718.749
734.702
750.653
766.599
782.555
798.527
814.474
830.43
846.406
862.372
878.317
894.306
910.278
926.249
942.22
958.22
974.197
990.199
1006.19
1022.18
1038.23
1054.22
1070.3
1086.37
1102.37
1118.43
1134.5
1150.61
1166.74
1182.84
1198.94
1215.14
1231.29
1247.45
1263.61
1279.92
1296.32
1312.72
1329.12
1345.52
1361.94
1378.22
1394.5
1410.98
1427.46
1443.94
1460.34
1476.74
1493.14
1509.54
1525.94
1542.34
1558.74
1575.14
1591.54
1607.94
1624.34
1640.74
1657.34
1673.74
1690.14
1706.74
1723.14
1739.74
1756.14
1772.74
1789.34
1805.74
1822.34
1838.74
1855.14
1871.74
1888.34
1904.74
1921.34
1937.74
1954.14
1970.74
1987.14
2003.74
2020.34
2036.74
2053.34
2069.94
2086.34
2102.94
2119.54
2135.94
2152.54
2169.14
2185.74
2202.14
2218.74
2235.14
2251.74
2268.14
2284.74
2301.14
2317.74
2334.14
2350.74
2367.14
2383.74
2400.34
2416.94
2433.34
2449.94
2466.34
2482.94
2499.54
2516.14
2532.74
2549.34
2565.74
2582.34
2598.74
2615.34
2631.74
2648.34
2664.94
2681.54
2697.94
2714.54
2731.14
2747.54
2764.14
2780.74
2797.14
2813.74
2830.34
2846.74
2863.34
2879.94
2896.34
2912.94
2929.34
2945.94
2962.54
2978.94
2995.54

