213.168
628.809
645.89
661.602
677.434
693.35
709.286
725.235
741.192
757.139
773.103
789.056
805.017
820.977
836.93
852.894
868.851
884.835
900.792
916.763
932.748
948.72
964.721
980.719
996.719
1012.71
1028.73
1044.74
1060.75
1076.83
1092.9
1108.97
1124.97
1141.07
1157.1
1173.24
1189.44
1205.54
1221.69
1237.85
1254.01
1270.32
1286.72
1303.12
1319.52
1335.92
1352.32
1368.77
1385.25
1401.73
1418.22
1434.7
1451.14
1467.54
1483.94
1500.34
1516.74
1533.34
1549.74
1566.14
1582.54
1598.94
1615.54
1631.94
1648.34
1664.94
1681.34
1697.94
1714.34
1730.94
1747.34
1763.94
1780.34
1796.94
1813.34
1829.94
1846.34
1862.74
1879.34
1895.94
1912.34
1928.94
1945.54
1961.94
1978.54
1994.94
2011.34
2027.94
2044.54
2060.94
2077.54
2093.94
2110.54
2127.14
2143.54
2160.14
2176.54
2193.14
2209.74
2226.14
2242.74
2259.14
2275.74
2292.34
2308.74
2325.34
2341.94
2358.54
2374.94
2391.54
2408.14
2424.74
2441.14
2457.74
2474.14
2490.74
2507.34
2523.74
2540.34
2556.94
2573.34
2589.94
2606.34
2622.94
2639.54
2655.94
2672.54
2689.14
2705.74
2722.14
2738.74
2755.14
2771.74
2788.34
2804.74
2821.34
2837.94
2854.34
2870.94
2887.54
2904.14
2920.74
2937.34
2953.94
2970.34
2986.94

